GCA_001771705.1_ASM177170v1_genomic	GCA_001771395.1_ASM177139v1_genomic	GCA_001771505.1_ASM177150v1_genomic	GCA_001772385.1_ASM177238v1_genomic	GCA_001771455.1_ASM177145v1_genomic	GCA_001771535.1_ASM177153v1_genomic	GCA_001771655.1_ASM177165v1_genomic
100.0	99.358475	99.308441	99.352036	80.323517	81.458725	81.110901
99.358475	100.0	99.901184	99.921089	79.616364	80.753059	80.787682
99.308441	99.901184	100.0	99.991837	79.955521	80.793716	80.891441
99.352036	99.921089	99.991837	100.0	79.971725	80.884293	80.970734
80.323517	79.616364	79.955521	79.971725	100.0	99.684875	99.631607
81.458725	80.753059	80.793716	80.884293	99.684875	100.0	99.823105
81.110901	80.787682	80.891441	80.970734	99.631607	99.823105	100.0
